popSize: 100  nGens: 21  pm: 0.009  pc: 0.875
initial population, fitnesses: (up to 1st 100 chromosomes)
  [0 1 0 1 1 0 0 0 0 0 1 1 1 1 1 1 0 1]  4225.0
  [0 1 1 1 1 0 1 1 1 1 0 1 1 0 0 0 0 1]  359552.0
  [0 1 0 0 0 0 1 0 1 0 0 1 0 1 0 1 0 0]  0.0
  [0 0 0 1 1 1 0 1 0 1 0 0 1 0 1 0 0 0]  0.0
  [0 0 1 1 0 0 0 0 1 1 0 0 0 0 0 1 1 1]  0.0
  [0 1 1 0 1 0 1 1 0 1 1 1 0 1 1 0 0 0]  0.0
  [0 1 1 0 1 0 1 0 1 0 1 1 0 0 0 0 1 0]  0.0
  [0 1 1 0 1 1 1 1 0 1 0 1 0 1 0 1 0 0]  0.0
  [0 0 1 1 1 0 1 0 1 1 0 0 0 1 0 1 1 1]  77907.0
  [0 1 0 1 1 1 0 0 1 0 0 0 0 1 1 0 1 0]  0.0
  [1 1 1 0 0 1 0 1 1 1 0 0 1 1 0 1 0 0]  0.0
  [1 0 1 1 0 0 0 0 1 1 1 0 0 1 1 1 1 1]  309530.0
  [1 1 0 1 1 1 1 0 0 0 1 0 1 1 0 0 0 0]  0.0
  [1 1 1 0 1 1 1 0 0 1 0 0 1 0 1 1 1 0]  0.0
  [0 0 1 1 0 0 1 1 1 1 0 1 1 0 0 0 0 0]  0.0
  [1 1 1 1 0 1 1 1 0 1 1 1 1 1 0 0 1 0]  0.0
  [0 0 1 1 0 1 0 0 1 1 1 1 1 0 0 1 1 1]  0.0
  [0 0 1 0 0 0 0 0 1 0 0 1 0 1 1 0 0 1]  0.0
  [0 1 0 0 1 1 0 1 0 0 0 0 1 1 0 1 0 0]  0.0
  [1 0 0 0 1 1 0 0 0 1 1 0 0 0 1 1 1 1]  133339.0
  [0 1 1 0 0 0 0 1 0 1 0 1 0 0 1 1 0 0]  98930.0
  [0 0 0 1 1 1 1 0 1 0 0 0 1 1 0 0 0 0]  0.0
  [0 0 0 0 0 0 0 0 1 0 0 0 0 1 1 1 1 0]  0.0
  [1 0 1 1 0 0 1 0 1 0 0 1 0 0 1 0 0 0]  0.0
  [1 0 1 0 1 0 0 1 1 1 0 0 0 0 1 0 1 1]  0.0
  [1 0 0 1 1 0 1 0 0 1 0 0 1 0 0 0 1 0]  0.0
  [1 0 1 0 0 1 0 1 0 1 0 1 0 1 0 0 0 0]  0.0
  [0 1 1 0 1 0 1 1 1 1 1 1 1 0 0 0 0 1]  0.0
  [1 1 1 0 0 1 0 1 1 0 0 0 1 1 0 0 0 0]  0.0
  [1 1 0 0 0 0 1 0 1 1 1 0 0 0 0 0 1 1]  0.0
  [1 0 1 0 0 1 1 0 1 0 0 1 1 1 1 1 1 1]  0.0
  [0 1 0 1 1 1 0 0 1 0 1 0 1 1 0 1 1 1]  0.0
  [0 1 1 1 0 1 0 1 0 1 0 1 0 0 0 1 1 0]  0.0
  [1 0 1 0 0 1 1 0 0 0 0 0 0 0 0 0 1 0]  0.0
  [1 0 0 0 0 1 1 1 1 0 0 0 0 0 1 1 1 0]  0.0
  [1 1 0 1 0 0 0 0 1 0 1 1 1 0 0 1 0 0]  0.0
  [1 0 0 0 0 0 1 1 0 1 0 1 0 0 1 1 1 0]  0.0
  [1 1 0 1 1 1 1 1 0 1 0 1 0 1 1 0 0 1]  0.0
  [0 1 0 1 0 1 1 0 1 0 1 0 1 1 0 0 1 1]  0.0
  [0 1 0 1 0 0 0 0 0 1 0 1 1 1 0 0 1 1]  8923.0
  [0 1 0 0 0 1 0 0 1 1 1 0 1 1 1 0 1 0]  0.0
  [1 0 1 0 0 1 1 0 0 0 1 0 1 0 0 0 0 0]  0.0
  [0 0 0 1 1 1 0 1 0 0 0 0 0 0 1 1 0 1]  0.0
  [1 0 0 1 1 0 0 0 1 0 0 0 1 0 1 1 0 1]  0.0
  [1 0 0 0 1 0 0 1 0 1 1 0 1 0 0 0 0 1]  0.0
  [0 1 1 0 1 0 1 0 1 1 0 1 0 0 1 0 0 1]  0.0
  [1 0 1 1 1 0 0 1 1 0 0 1 0 0 1 1 1 0]  0.0
  [1 0 1 1 0 0 0 1 0 0 1 0 0 1 1 1 0 1]  0.0
  [1 0 1 1 0 1 1 0 0 1 1 0 1 1 0 1 0 1]  0.0
  [1 0 0 1 1 1 1 1 0 1 1 0 0 1 1 1 1 0]  0.0
  [1 0 1 1 1 1 1 0 0 0 1 1 1 1 1 0 1 0]  0.0
  [0 0 1 1 0 1 0 0 0 0 0 1 0 0 0 0 1 0]  0.0
  [0 0 0 1 0 0 1 0 0 1 0 0 1 1 1 0 0 0]  0.0
  [1 0 1 0 1 1 0 1 1 1 1 1 0 0 0 0 1 0]  0.0
  [1 1 1 0 0 1 0 0 1 1 1 1 0 1 1 0 0 1]  0.0
  [1 0 1 1 0 0 1 1 1 1 0 1 1 1 0 0 1 1]  0.0
  [0 1 1 1 1 1 0 1 0 0 1 0 1 0 1 0 0 0]  0.0
  [1 0 1 0 0 1 1 0 0 0 0 0 1 0 1 0 1 1]  0.0
  [1 1 0 0 1 0 1 1 1 1 1 1 0 0 0 0 1 1]  0.0
  [1 1 0 0 1 1 1 0 0 1 0 0 0 1 0 1 1 0]  0.0
  [0 1 1 1 1 0 0 0 1 0 1 0 1 0 1 0 0 0]  661747.0
  [1 1 0 1 0 0 0 1 1 1 0 1 1 1 1 0 1 1]  0.0
  [1 0 0 1 0 1 0 0 0 0 1 1 1 0 0 0 0 0]  0.0
  [1 1 0 0 0 0 1 1 0 0 1 1 0 0 0 1 0 1]  0.0
  [0 1 1 0 1 0 0 0 0 0 1 0 0 0 1 0 0 1]  0.0
  [0 1 0 1 0 1 0 0 1 1 1 0 1 1 0 0 0 0]  0.0
  [0 0 0 1 0 0 0 0 0 1 0 0 0 0 0 1 0 0]  0.0
  [1 0 0 0 0 0 1 0 0 0 0 1 1 0 0 1 0 0]  0.0
  [0 0 0 1 1 1 0 1 1 0 1 0 1 1 0 1 1 0]  0.0
  [1 0 0 0 1 0 0 1 1 1 0 1 1 1 1 1 0 1]  0.0
  [1 1 0 1 0 0 1 1 1 1 1 1 0 1 1 0 0 0]  0.0
  [1 0 1 1 1 1 0 1 1 0 0 1 1 1 1 0 1 1]  0.0
  [1 1 1 1 0 1 0 1 0 0 0 0 0 0 1 0 1 0]  0.0
  [0 1 1 0 0 0 1 1 1 0 1 0 0 1 1 0 0 1]  0.0
  [0 0 0 0 1 0 0 0 1 1 0 1 1 1 0 1 1 0]  0.0
  [0 1 1 1 1 1 1 1 0 0 0 0 1 1 0 0 1 1]  0.0
  [1 1 1 0 0 0 0 1 0 1 0 0 0 0 1 1 0 1]  47514.0
  [0 0 1 0 0 1 1 0 1 0 0 1 1 1 1 1 0 1]  0.0
  [1 0 1 0 1 0 0 1 1 1 1 0 1 1 0 0 0 0]  0.0
  [0 1 1 1 1 1 1 0 0 1 1 1 1 1 0 0 1 0]  0.0
  [1 0 1 0 1 0 1 1 1 0 0 1 0 0 0 1 1 1]  0.0
  [0 0 0 1 1 1 0 1 1 1 0 0 1 1 1 1 1 1]  0.0
  [0 1 1 0 0 1 0 1 1 1 0 0 0 0 1 1 1 1]  0.0
  [1 1 1 1 1 1 1 0 0 1 1 0 0 0 0 1 0 1]  0.0
  [0 1 1 1 1 0 0 1 0 0 0 1 1 1 0 1 0 0]  0.0
  [0 1 1 1 1 1 1 0 0 0 0 1 1 0 0 1 0 1]  0.0
  [1 1 0 0 0 1 1 0 0 1 0 1 0 1 1 1 1 0]  0.0
  [1 0 0 1 0 1 0 0 0 0 1 0 0 1 1 1 1 1]  179995.0
  [0 0 0 0 0 1 1 0 1 1 0 0 1 1 0 0 1 0]  1054849.0
  [1 1 0 1 1 0 0 0 0 0 0 0 1 1 0 1 1 0]  0.0
  [1 1 0 0 1 1 0 0 1 0 0 0 1 0 0 1 1 0]  0.0
  [1 1 1 1 0 0 1 0 1 1 1 0 1 0 0 0 0 0]  0.0
  [1 1 1 0 1 1 0 1 0 1 1 0 0 0 1 0 0 1]  0.0
  [1 0 0 0 1 0 1 1 1 1 0 1 1 1 1 0 0 0]  0.0
  [1 0 1 0 0 1 0 0 1 0 1 1 1 1 0 0 0 1]  0.0
  [1 1 0 0 1 1 1 0 0 1 0 1 0 0 0 0 0 0]  0.0
  [1 1 1 0 1 0 1 0 0 1 0 0 1 1 0 1 1 1]  0.0
  [0 1 1 1 0 0 1 0 1 1 0 1 0 1 1 0 0 1]  0.0
  [1 1 1 0 0 1 0 1 1 1 1 1 0 1 1 1 0 0]  0.0
  [0 1 1 0 1 0 1 0 0 1 0 1 0 0 0 0 0 0]  0.0
Best initially:
  [0 0 0 0 0 1 1 0 1 1 0 0 1 1 0 0 1 0] at locn 88, fitness = 1054849.0

final population, fitnesses: (up to 1st 100 chromosomes)

final population, fitnesses: (up to 1st 100 chromosomes)

final population, fitnesses: (up to 1st 100 chromosomes)

final population, fitnesses: (up to 1st 100 chromosomes)

final population, fitnesses: (up to 1st 100 chromosomes)

final population, fitnesses: (up to 1st 100 chromosomes)

final population, fitnesses: (up to 1st 100 chromosomes)

final population, fitnesses: (up to 1st 100 chromosomes)

final population, fitnesses: (up to 1st 100 chromosomes)

final population, fitnesses: (up to 1st 100 chromosomes)

final population, fitnesses: (up to 1st 100 chromosomes)

final population, fitnesses: (up to 1st 100 chromosomes)

final population, fitnesses: (up to 1st 100 chromosomes)

final population, fitnesses: (up to 1st 100 chromosomes)

final population, fitnesses: (up to 1st 100 chromosomes)

final population, fitnesses: (up to 1st 100 chromosomes)

final population, fitnesses: (up to 1st 100 chromosomes)

final population, fitnesses: (up to 1st 100 chromosomes)

final population, fitnesses: (up to 1st 100 chromosomes)

final population, fitnesses: (up to 1st 100 chromosomes)
